Sum: 7252

Path:
[[  0   0   0   0   0   0   0   0   0   0   0  17  71   0   0   0]
 [  0   0   0   0   0   0   1  71  17   0   0   0  17 711   0   0]
 [  0   0   0   0   0   0 711  17   0   1 711  17  71   1   0   0]
 [  0   0   0   0   0   0   0  71  17 711   1   0   0   0   0   0]
 [  0   0   0   0   0   0   0   0   0   0   0  17  71   0   0   0]
 [  0   0   1  71  17   0   0   0   0   0   1  71  17 711   0   0]
 [ 71   1 711  17   0   1 711  17  71   1 711  17   0   0   0   0]
 [  0 711   1   0   0   0   0   0   0   0   0   0   0   0   0   0]]